6407 2835
2727 5712
9862 2778
9323 7782
9695 7671
5688 7584
3735 8453
5371 501
7443 3266
8745 179
4316 9217
4414 7379
5594 3077
3832 2324
4564 7727
2091 4405
4076 704
5265 6777
2915 4936
8950 9416
1868 380
9044 1448
3180 380
34 3855
293 1219
5627 5072
8808 2174
2982 6595
7549 1640
6209 7131
4541 879
1303 6529
8629 1979
6382 3090
3379 309
618 1994
2981 6291
3211 1545
167 7562
6507 7442
9940 3492
4918 8500
1657 2597
3917 186
698 4876
4989 2222
5924 6033
9555 872
3480 5871
8497 3895
416 8622
3664 3802
3263 8928
3746 9738
2109 3095
3029 7547
4323 9562
2523 5279
3720 8812
7806 44
2851 4342
1096 8967
5203 8048
5109 5795
5006 5417
7621 3096
7953 115
6287 5106
3097 6613
4569 6982
5566 5924
3134 4993
4770 3666
2754 4410
537 3791
1760 7143
6881 8677
3842 1682
7685 7314
4615 3871
8603 5769
5027 298
5115 2977
8944 4037
794 1344
8863 1980
7207 2569
3523 8173
668 4995
4126 8090
4903 6434
7543 4446
1430 509
673 2076
4861 129
3261 5191
2842 5891
87 9182
3454 8531
4364 9516
8361 2637
8633 3990
276 8318
9675 6189
8247 1277
5460 2051
5834 5831
3687 3325
6725 8903
3577 4301
4973 576
5055 1124
7724 8872
9432 3089
2061 4635
269 3170
9979 5387
8651 54
5767 8709
4021 5923
989 4062
9235 4544
2055 5918
2436 7536
2943 6697
7978 8058
686 9389
1659 9558
4202 6291
2453 1057
291 597
1045 9028
2817 7505
2671 4168
9403 3043
4543 5409
7711 3349
7802 3059
2189 1059
8786 6581
6826 2413
5764 1759
115 1242
1066 9759
7733 496
1306 5449
4768 6837
4839 9151
7981 692
1490 1267
6589 1503
3822 1952
239 9580
7949 4174
6528 8404
1909 2178
8232 9148
9653 4724
3832 697
1824 1254
2939 6501
1444 3563
9488 6380
8219 8598
8769 8663
9679 8406
138 2126
2399 6250
4052 2660
5014 2486
3952 3715
7440 6955
9323 9186
7982 9538
8548 8360
2914 8989
3441 5082
5790 7815
1716 7795
5680 2622
1624 4818
3493 6073
9393 4785
1675 8703
71 1161
1087 5519
8716 7661
5255 1361
5426 6894
9921 5370
2640 6680
154 9456
7495 6111
7311 2793
7314 6024
5739 9216
9206 7825
3558 3678
8020 5751
4177 7005
7865 4756
2140 7920
5878 9809
2437 8271
1245 1960
2849 7540
4513 7184
8607 9127
7227 4779
7139 2414
2222 5395
9732 2769
6079 5396
9972 2787
6400 2929
6224 2644
2425 7752
4833 5651
6933 9605
9688 1011
6818 3203
350 2714
9063 9861
5971 913
2037 8972
9517 260
8500 6641
5928 6982
2601 7472
3517 4881
4809 2431
1156 3274
4218 2513
3701 6935
4191 2662
341 1972
2142 5936
1523 2013
670 2744
1922 7365
2163 7065
6911 7268
9307 9850
6701 5440
4582 3673
9205 7823
4111 6765
8841 5695
846 6763
2045 2434
8871 765
8474 1612
9615 6891
5097 1212
2593 3228
1757 4784
6760 6395
3177 4844
2053 2860
6993 3180
4508 9956
1838 702
126 6687
3184 6991
2071 883
6216 2415
8555 3702
5298 87
5332 148
8599 9382
8321 2709
5838 5389
7714 36
4588 5756
7139 5776
6700 9182
2962 9513
1083 2329
6877 1153
3520 4780
5390 9137
2627 7106
4463 3253
685 3875
7830 3589
4902 5026
2276 3378
2391 8346
4079 3434
2804 2889
2688 4193
7099 7813
616 3594
9936 8415
5835 4741
1894 5962
1201 1800
70 7277
2728 3467
7549 4457
8401 2005
8708 8303
3952 8386
1955 3147
3932 4364
4434 7223
7759 3022
5931 5420
2043 7110
994 653
3780 6971
322 4862
5832 5818
5740 4791
1414 9279
9390 1495
1169 2092
2190 8159
2535 5200
9690 3146
8032 244
8802 6681
9166 3811
3946 685
7574 58
1698 7670
9909 1954
7955 6806
8651 9470
7208 9687
9855 823
6567 3477
1496 8249
3627 4067
8584 3365
7973 660
4276 5174
2598 8897
314 8239
135 2662
2267 6029
2432 1682
8167 3583
8851 2447
7319 2193
6704 1696
4700 8797
48 5578
4091 7357
2841 2935
6168 3912
1833 435
5866 2841
4044 4920
9142 1826
5772 590
4841 5959
680 1766
5000 4847
4810 8296
7997 6982
3655 936
1407 1740
9420 2210
425 3703
1517 1820
2850 4425
2369 3982
3795 9288
316 1351
1418 3857
4838 1252
9377 5977
4922 2132
6157 4541
2467 3917
5348 6682
7781 5497
38 8252
9088 1449
6555 5733
3563 5812
852 5886
3815 8774
3978 7694
2787 4213
3001 5661
6758 5192
2877 9403
8162 7397
6069 4725
9419 4839
8995 8866
1843 4644
7487 5766
5428 3787
945 902
1186 1330
6265 8292
7192 4105
7784 2318
2784 5574
3488 5044
293 2097
9051 7503
7804 9933
3163 9812
6671 6400
7994 2540
9580 6849
4962 6747
1696 1843
6435 6703
9442 6724
1850 7141
655 9026
2054 5316
8338 1599
2747 2525
1074 7265
9170 1457
3763 4774
6422 5044
6161 4845
4910 4697
8777 1014
999 3045
4969 2277
3635 613
4441 7170
5840 2293
3869 6129
7830 9601
1701 5050
6197 260
8077 2225
3641 1362
7950 1048
3538 8505
8044 8304
1530 4610
1049 8103
9902 9577
174 9518
6848 1047
9692 3292
4284 3565
2931 1469
9137 2090
3893 1932
9255 6852
1473 9998
239 9347
2419 3531
261 8433
5204 2995
6152 5811
3806 5400
7552 7145
8839 1634
8535 5268
9077 1921
4221 7569
3564 4952
4651 89
2314 1858
2696 5188
4649 7534
4193 4616
6892 4064
873 1775
7320 3445
4874 5021
6789 3957
4883 144
352 3434
7599 1793
9344 1285
741 7473
2818 272
323 4162
1777 9706
5691 8813
5119 3442
2175 8024
7286 889
1632 9575
1455 7071
5642 9380
2445 9338
4499 939
2306 8883
1918 4685
4158 2260
8960 3087
9406 9806
6137 1382
6384 8483
4318 3528
4368 1452
4515 920
5557 4597
3618 6164
6635 8358
744 5272
1644 6469
6722 9863
6715 8356
2779 6087
6866 7551
3512 9260
8014 1362
8832 7798
5620 5427
2831 7097
4538 1499
7804 5478
5652 655
8061 9640
7968 427
52 4289
2687 1936
6001 8587
927 4204
2630 8554
8315 4163
2123 3750
1143 4096
3211 579
3746 4867
8033 1235
4018 3351
6109 6136
6568 1452
5527 9122
4023 8025
6863 6877
7415 5743
1922 2637
1572 7795
6555 9764
5987 8279
8122 1868
5574 7462
3413 2082
5128 6705
9521 3224
9513 35
6051 5370
9022 6876
7095 3492
2887 7452
7203 6478
6424 7592
6751 5118
9319 4100
9084 9879
9669 4923
3419 4525
2384 9581
9554 452
9829 3015
6541 4075
495 6339
6152 7065
9692 6505
667 3270
452 4522
289 9777
3571 2795
548 2920
2476 6433
2381 6637
2084 493
6438 8543
3302 1809
7946 4017
1347 6344
8150 412
4135 7327
5152 9769
4888 2817
8265 1880
5545 3666
9950 9207
4672 760
7356 8373
1583 9200
7457 5393
1769 244
6232 2595
5613 9594
8707 6115
3507 140
966 7873
7462 4446
1428 9900
9184 394
8705 8402
8991 6569
732 6549
3727 9892
5300 8305
5659 3482
8658 9616
4162 888
2157 9313
4981 3066
2130 7709
7259 957
1018 9115
1134 1012
42 4525
2448 2504
4084 3606
6825 5392
7697 6582
6292 9121
5284 1907
56 4869
3680 6425
3596 6735
9461 5855
2513 8002
5598 3327
7977 8012
7955 7880
4821 2661
9115 3372
1559 3599
6714 2387
9342 8819
4744 5121
6658 7159
8352 7974
7856 8551
9603 1468
4460 2988
2954 4367
7658 8834
757 6600
9659 6321
2842 2090
9326 326
2898 1757
19 8523
440 5951
2287 8704
9200 8091
2069 1916
1533 4260
786 1402
7314 165
878 6125
5068 7064
8140 1516
3738 7270
3764 1068
3432 1760
6253 9042
5205 4262
2357 4623
1788 2111
7387 7890
9619 185
4644 1516
9478 3067
1495 7359
6458 6640
4714 3528
8299 4295
2958 8797
460 3683
6438 8657
3130 4036
9217 4227
9877 9706
9537 5255
6334 2808
1765 2904
2523 656
515 2612
6736 534
291 259
296 6533
8403 171
7062 4452
8386 2321
7699 8192
6291 2401
8409 2264
322 5234
1319 7758
7535 7530
6118 5395
5031 9987
5324 7008
6396 3919
4123 3468
1938 3039
8548 8225
3726 6725
5982 9818
4929 4205
8146 1866
3575 1441
8846 3356
8310 3164
7860 3460
4809 4714
1269 3073
221 1216
1126 4525
1858 6999
2575 9743
2554 387
8018 2319
6014 4072
7762 9144
8629 4158
5526 1914
3148 3234
1208 5493
8194 2982
7973 4679
5716 636
3752 9094
372 755
988 4398
7720 7516
8130 1181
4672 7090
893 1450
1686 7242
2579 8397
73 7771
9382 8202
4955 3904
1154 1280
1001 8979
9126 586
5298 4262
9492 9000
5533 8646
2496 2537
7655 8389
7234 6440
4852 8348
7414 8843
6922 7424
1384 3964
3594 8907
7063 3241
5130 9100
4709 9701
1140 2927
2449 9372
2099 2425
5312 2517
343 8929
904 2028
6262 1528
7563 4345
2563 4026
9958 6453
8335 8623
6287 1619
5916 4786
7880 8196
2236 8509
7169 4962
3536 6333
4831 1919
687 6256
7736 3298
6535 6849
5473 3596
1455 8979
4022 47
3997 3356
9826 1918
4301 1824
6408 1985
5784 5597
4614 3311
7162 8705
9060 9825
7464 165
2517 8893
5479 1778
3593 6505
3595 6627
4863 6935
4731 4070
2514 7184
4268 934
8853 4887
4545 3180
9989 1700
6951 9789
3739 4731
555 1257
2987 8627
5132 4263
7109 247
2078 3243
9151 2197
8401 1862
3196 2130
8166 8096
8583 7699
4794 9034
2601 9238
603 336
7772 3763
2995 620
5321 1137
9740 1737
7044 7074
4584 7540
2457 3324
577 1074
1693 6558
5809 4188
8023 4438
3154 361
3303 6931
6110 9718
4615 2441
6985 6349
4538 2827
325 8995
8635 3982
9239 6289
8794 5243
9581 2976
22 5811
819 7853
2608 1322
83 3921
9165 608
4970 5902
3084 7827
317 755
4398 7931
1440 1909
587 1513
9389 8150
2429 4970
4504 3502
4040 9905
1728 7227
5318 2028
3677 6937
6521 3580
2617 3433
6596 5356
115 4165
1343 8489
5620 4065
8053 1604
9144 2691
7517 4964
7933 8441
6660 1286
1553 3440
9791 5235
4043 7784
926 1745
909 9067
6253 8199
8303 8129
5330 8758
2666 2301
5158 6555
5319 7896
5781 6750
7073 4659
3479 6479
9774 5075
398 5193
4341 2266
169 3378
2553 7944
7371 4792
5265 2509
7904 5157
7931 1936
8716 7968
5449 2218
151 4062
6523 2997
4648 5935
2044 7630
8053 4051
3137 6991
1752 4539
7009 3764
4891 5367
5028 1219
6311 2691
9832 2219
2077 2129
2535 8910
3574 3454
6275 6616
5338 1466
9544 3896
9657 4650
7691 5862
5174 1358
1177 2097
5781 2771
7652 9358
5115 5775
8524 2815
6136 2799
340 5694
9549 2691
9308 3594
1743 1220
6569 7021
9706 5055
679 6508
2635 6291
7768 669
500 9430
6533 7268
5417 7472
8443 1220
4092 141
7039 7145
3700 3927
1156 315
3287 1505
6718 1261
2716 129
40 6962
6614 9754
6829 9340
8130 7407
1837 9367
1271 3167
6272 585
3380 4775
4224 4446
3476 1024
1119 6336
3394 4186
5769 3525
1206 447
3839 7851
5281 4834
8373 9493
1653 200
9178 1928
2847 3386
3927 5669
8610 4637
3091 8075
6438 2191
4152 277
81 3337
9655 3035
9242 3527
2510 141
7901 2165
3747 9190
1604 1983
7655 7622
1101 581
116 9919
4082 4115
129 7310
8824 9106
7411 3209
2876 42
6276 2152
2868 6967
4680 3054
837 9793
5722 6692
9158 8289
8570 5668
1399 1268
4716 807
9913 6464
5605 2325
8581 9178
7105 9225
4655 1464
1637 498
7485 4830
3558 4894
9240 8564
8333 153
617 5236
1917 9368
3353 5947
6354 1686
